0.000000000000000 1.000000000000000 1.090909090909091 1.142857142857143 2.000000000000000 1.000000000000000 2.000000000000000 2.125000000000000 1.125000000000000 1.250000000000000 1.111111111111111 1.166666666666667 1.590909090909091 1.333333333333333 3.000000000000000 2.000000000000000 1.125000000000000 1.000000000000000 1.500000000000000 2.090909090909091 1.833333333333333 1.500000000000000 1.200000000000000 1.250000000000000 3.000000000000000 1.500000000000000 2.166666666666667 2.000000000000000 3.000000000000000 1.500000000000000 2.000000000000000 2.000000000000000 1.590909090909091 2.090909090909091 2.000000000000000 3.000000000000000 2.333333333333333 2.111111111111111 2.200000000000000 2.700000000000000 2.200000000000000 2.166666666666667 2.000000000000000 2.590909090909091 3.000000000000000 2.200000000000000 3.090909090909091 3.090909090909091 2.090909090909091 2.166666666666667 2.166666666666667 2.125000000000000 2.250000000000000 2.000000000000000 2.000000000000000 3.000000000000000
1.000000000000000 0.000000000000000 0.090909090909091 0.202020202020202 1.000000000000000 0.333333333333333 1.333333333333333 1.125000000000000 0.125000000000000 0.291666666666667 0.500000000000000 0.166666666666667 0.366666666666667 0.333333333333333 0.500000000000000 1.000000000000000 0.125000000000000 0.333333333333333 0.833333333333333 0.530303030303030 0.666666666666667 0.500000000000000 0.200000000000000 0.290909090909091 2.000000000000000 0.833333333333333 1.166666666666667 1.000000000000000 2.000000000000000 0.290909090909091 0.342857142857143 0.666666666666667 0.590909090909091 0.700000000000000 1.000000000000000 1.166666666666667 1.125000000000000 1.500000000000000 1.200000000000000 1.700000000000000 1.500000000000000 1.166666666666667 1.000000000000000 2.000000000000000 2.000000000000000 1.200000000000000 1.530303030303030 2.090909090909091 1.090909090909091 1.166666666666667 1.166666666666667 1.125000000000000 1.291666666666667 1.000000000000000 1.000000000000000 2.000000000000000
1.090909090909091 0.090909090909091 0.000000000000000 0.111111111111111 0.166666666666667 0.257575757575758 1.257575757575758 0.361111111111111 1.166666666666667 1.000000000000000 0.250000000000000 0.287037037037037 0.500000000000000 1.000000000000000 1.166666666666667 1.090909090909091 1.500000000000000 0.500000000000000 1.000000000000000 1.000000000000000 0.787037037037037 0.590909090909091 0.290909090909091 0.361111111111111 1.166666666666667 0.311111111111111 1.250000000000000 2.250000000000000 3.000000000000000 0.200000000000000 1.333333333333333 1.000000000000000 0.500000000000000 1.000000000000000 0.583333333333333 2.000000000000000 1.100000000000000 2.000000000000000 1.290909090909091 1.476190476190476 1.333333333333333 2.000000000000000 1.333333333333333 1.500000000000000 2.333333333333333 1.111111111111111 2.000000000000000 2.000000000000000 1.000000000000000 1.287037037037037 1.000000000000000 1.500000000000000 2.000000000000000 1.090909090909091 1.090909090909091 2.090909090909091
1.142857142857143 0.202020202020202 0.111111111111111 0.000000000000000 0.233766233766234 0.142857142857143 1.142857142857143 0.250000000000000 1.250000000000000 0.333333333333333 0.253968253968254 1.333333333333333 0.611111111111111 1.166666666666667 1.000000000000000 2.000000000000000 0.833333333333333 1.000000000000000 1.500000000000000 1.000000000000000 1.833333333333333 0.702020202020202 0.142857142857143 0.250000000000000 0.333333333333333 0.200000000000000 0.333333333333333 1.333333333333333 2.333333333333333 0.311111111111111 0.285714285714286 1.142857142857143 0.611111111111111 0.250000000000000 1.250000000000000 1.000000000000000 1.100000000000000 2.000000000000000 1.142857142857143 1.642857142857143 0.583333333333333 1.500000000000000 1.250000000000000 0.750000000000000 1.333333333333333 1.000000000000000 2.000000000000000 2.111111111111111 1.111111111111111 2.333333333333333 1.111111111111111 1.833333333333333 1.333333333333333 2.000000000000000 1.202020202020202 2.202020202020202
2.000000000000000 1.000000000000000 0.166666666666667 0.233766233766234 0.000000000000000 0.090909090909091 1.090909090909091 1.166666666666667 1.125000000000000 0.700000000000000 0.202020202020202 0.100000000000000 0.300000000000000 1.333333333333333 0.350000000000000 2.000000000000000 1.125000000000000 1.333333333333333 0.131250000000000 1.000000000000000 0.600000000000000 1.500000000000000 0.500000000000000 0.590909090909091 1.000000000000000 0.333333333333333 0.166666666666667 1.166666666666667 2.166666666666667 0.366666666666667 0.642857142857143 0.600000000000000 0.666666666666667 0.333333333333333 2.000000000000000 1.000000000000000 0.333333333333333 2.000000000000000 1.500000000000000 2.000000000000000 0.666666666666667 1.500000000000000 0.666666666666667 0.833333333333333 2.000000000000000 1.500000000000000 2.000000000000000 2.166666666666667 1.166666666666667 1.100000000000000 1.100000000000000 1.100000000000000 1.700000000000000 2.000000000000000 2.000000000000000 3.000000000000000
1.000000000000000 0.333333333333333 0.257575757575758 0.142857142857143 0.090909090909091 0.000000000000000 1.000000000000000 2.000000000000000 0.416666666666667 0.250000000000000 0.111111111111111 0.148148148148148 0.348148148148148 0.666666666666667 1.142857142857143 1.333333333333333 0.750000000000000 0.666666666666667 0.500000000000000 0.141414141414141 0.648148148148148 0.833333333333333 0.533333333333333 0.250000000000000 1.090909090909091 0.500000000000000 0.476190476190476 1.476190476190476 2.476190476190476 0.500000000000000 1.000000000000000 1.000000000000000 1.250000000000000 0.750000000000000 1.250000000000000 0.750000000000000 1.000000000000000 1.111111111111111 1.533333333333333 2.111111111111111 2.111111111111111 1.111111111111111 1.250000000000000 1.250000000000000 2.250000000000000 1.250000000000000 1.141414141414141 3.111111111111111 1.424242424242424 2.000000000000000 1.148148148148148 1.500000000000000 1.250000000000000 1.333333333333333 1.333333333333333 2.333333333333333
2.000000000000000 1.333333333333333 1.257575757575758 1.142857142857143 1.090909090909091 1.000000000000000 0.000000000000000 1.000000000000000 2.000000000000000 1.250000000000000 1.111111111111111 1.190909090909091 3.000000000000000 2.000000000000000 2.142857142857143 2.333333333333333 1.458333333333333 2.142857142857143 1.500000000000000 2.090909090909091 1.648148148148148 1.833333333333333 1.590909090909091 1.250000000000000 2.090909090909091 1.500000000000000 2.000000000000000 3.000000000000000 4.000000000000000 1.500000000000000 2.000000000000000 2.000000000000000 2.500000000000000 2.000000000000000 1.444444444444444 2.090909090909091 1.424242424242424 2.111111111111111 2.533333333333333 2.476190476190476 2.333333333333333 2.111111111111111 2.250000000000000 2.500000000000000 3.250000000000000 2.142857142857143 2.141414141414141 3.476190476190476 2.424242424242424 3.000000000000000 2.148148148148148 2.500000000000000 2.250000000000000 2.333333333333333 2.333333333333333 3.333333333333333
2.125000000000000 1.125000000000000 0.361111111111111 0.250000000000000 1.166666666666667 2.000000000000000 1.000000000000000 0.000000000000000 1.000000000000000 1.166666666666667 1.000000000000000 1.037037037037037 2.000000000000000 2.000000000000000 1.250000000000000 2.250000000000000 1.666666666666667 1.000000000000000 0.500000000000000 1.030303030303030 1.537037037037037 1.625000000000000 1.142857142857143 0.611111111111111 0.583333333333333 0.450000000000000 1.000000000000000 2.000000000000000 3.000000000000000 2.000000000000000 1.000000000000000 1.537037037037037 1.500000000000000 1.000000000000000 1.333333333333333 2.000000000000000 1.000000000000000 2.000000000000000 2.142857142857143 1.476190476190476 1.333333333333333 2.000000000000000 1.333333333333333 1.500000000000000 2.333333333333333 1.250000000000000 2.030303030303030 2.476190476190476 1.361111111111111 2.000000000000000 2.037037037037037 2.037037037037037 2.166666666666667 2.250000000000000 2.125000000000000 3.125000000000000
1.125000000000000 0.125000000000000 1.166666666666667 1.250000000000000 1.125000000000000 0.416666666666667 2.000000000000000 1.000000000000000 0.000000000000000 0.166666666666667 2.000000000000000 1.200000000000000 1.000000000000000 1.500000000000000 2.250000000000000 1.125000000000000 0.666666666666667 1.000000000000000 1.500000000000000 2.250000000000000 1.700000000000000 0.625000000000000 1.000000000000000 1.090909090909091 1.500000000000000 2.000000000000000 2.000000000000000 3.000000000000000 4.000000000000000 0.415909090909091 1.142857142857143 1.166666666666667 1.500000000000000 1.500000000000000 1.166666666666667 2.250000000000000 2.000000000000000 3.000000000000000 2.000000000000000 2.500000000000000 2.000000000000000 3.000000000000000 1.125000000000000 2.500000000000000 2.125000000000000 2.000000000000000 3.250000000000000 3.500000000000000 1.215909090909091 2.200000000000000 2.200000000000000 1.666666666666667 1.166666666666667 1.125000000000000 1.125000000000000 2.125000000000000
1.250000000000000 0.291666666666667 1.000000000000000 0.333333333333333 0.700000000000000 0.250000000000000 1.250000000000000 1.166666666666667 0.166666666666667 0.000000000000000 0.361111111111111 0.500000000000000 0.700000000000000 0.333333333333333 0.500000000000000 1.333333333333333 0.500000000000000 1.500000000000000 0.531250000000000 2.000000000000000 1.000000000000000 1.333333333333333 0.200000000000000 0.290909090909091 0.666666666666667 0.533333333333333 0.666666666666667 1.666666666666667 2.000000000000000 1.200000000000000 0.342857142857143 1.000000000000000 1.500000000000000 0.700000000000000 1.000000000000000 1.500000000000000 1.500000000000000 3.000000000000000 1.200000000000000 1.700000000000000 1.200000000000000 1.500000000000000 1.290909090909091 1.700000000000000 1.666666666666667 1.200000000000000 3.000000000000000 3.000000000000000 2.000000000000000 1.500000000000000 1.500000000000000 1.500000000000000 1.000000000000000 1.500000000000000 2.090909090909091 3.090909090909091
1.111111111111111 0.500000000000000 0.250000000000000 0.253968253968254 0.202020202020202 0.111111111111111 1.111111111111111 1.000000000000000 2.000000000000000 0.361111111111111 0.000000000000000 0.037037037037037 0.237037037037037 0.833333333333333 0.287037037037037 1.500000000000000 0.625000000000000 0.833333333333333 0.068287037037037 0.030303030303030 0.537037037037037 1.000000000000000 0.700000000000000 0.500000000000000 1.000000000000000 0.333333333333333 1.000000000000000 2.000000000000000 3.000000000000000 1.000000000000000 1.037037037037037 0.537037037037037 0.750000000000000 0.833333333333333 0.333333333333333 1.037037037037037 0.200000000000000 1.000000000000000 1.037037037037037 2.000000000000000 2.000000000000000 1.000000000000000 1.500000000000000 2.500000000000000 2.000000000000000 1.500000000000000 1.030303030303030 3.000000000000000 1.250000000000000 1.037037037037037 1.037037037037037 1.037037037037037 1.537037037037037 1.500000000000000 1.500000000000000 2.500000000000000
1.166666666666667 0.166666666666667 0.287037037037037 1.333333333333333 0.100000000000000 0.148148148148148 1.190909090909091 1.037037037037037 1.200000000000000 0.500000000000000 0.037037037037037 0.000000000000000 0.200000000000000 1.000000000000000 0.250000000000000 1.250000000000000 1.000000000000000 0.500000000000000 0.031250000000000 1.000000000000000 0.500000000000000 0.833333333333333 0.366666666666667 1.000000000000000 1.000000000000000 0.370370370370370 1.000000000000000 2.000000000000000 1.500000000000000 0.166666666666667 1.000000000000000 0.500000000000000 0.750000000000000 0.281250000000000 2.000000000000000 1.000000000000000 1.100000000000000 2.000000000000000 1.000000000000000 1.500000000000000 2.000000000000000 1.000000000000000 2.000000000000000 2.500000000000000 2.000000000000000 2.000000000000000 2.000000000000000 2.500000000000000 1.257575757575758 1.000000000000000 1.000000000000000 1.000000000000000 1.500000000000000 1.250000000000000 1.166666666666667 2.166666666666667
1.590909090909091 0.366666666666667 0.500000000000000 0.611111111111111 0.300000000000000 0.348148148148148 3.000000000000000 2.000000000000000 1.000000000000000 0.700000000000000 0.237037037037037 0.200000000000000 0.000000000000000 0.500000000000000 0.666666666666667 0.500000000000000 1.666666666666667 1.000000000000000 0.231250000000000 1.500000000000000 0.700000000000000 1.033333333333333 1.000000000000000 1.200000000000000 1.200000000000000 1.000000000000000 1.200000000000000 2.200000000000000 1.700000000000000 0.700000000000000 1.200000000000000 0.700000000000000 1.000000000000000 1.500000000000000 2.200000000000000 1.200000000000000 0.437037037037037 2.500000000000000 1.200000000000000 2.200000000000000 2.200000000000000 1.200000000000000 1.366666666666667 2.000000000000000 2.200000000000000 2.000000000000000 2.500000000000000 2.500000000000000 1.500000000000000 1.200000000000000 1.200000000000000 1.200000000000000 2.166666666666667 1.666666666666667 1.590909090909091 2.590909090909091
1.333333333333333 0.333333333333333 1.000000000000000 1.166666666666667 1.333333333333333 0.666666666666667 2.000000000000000 2.000000000000000 1.500000000000000 0.333333333333333 0.833333333333333 1.000000000000000 0.500000000000000 0.000000000000000 0.166666666666667 1.000000000000000 0.833333333333333 0.666666666666667 1.031250000000000 1.333333333333333 1.500000000000000 0.833333333333333 0.500000000000000 0.590909090909091 2.000000000000000 0.500000000000000 2.000000000000000 3.000000000000000 2.500000000000000 1.200000000000000 1.000000000000000 1.500000000000000 1.500000000000000 1.000000000000000 1.333333333333333 2.000000000000000 1.433333333333333 2.333333333333333 1.500000000000000 2.000000000000000 1.500000000000000 2.000000000000000 1.333333333333333 2.000000000000000 2.333333333333333 1.500000000000000 2.333333333333333 3.000000000000000 2.000000000000000 2.000000000000000 2.000000000000000 2.000000000000000 1.333333333333333 1.166666666666667 1.333333333333333 2.333333333333333
3.000000000000000 0.500000000000000 1.166666666666667 1.000000000000000 0.350000000000000 1.142857142857143 2.142857142857143 1.250000000000000 2.250000000000000 0.500000000000000 0.287037037037037 0.250000000000000 0.666666666666667 0.166666666666667 0.000000000000000 1.000000000000000 1.833333333333333 2.000000000000000 0.281250000000000 1.000000000000000 0.750000000000000 1.083333333333333 1.142857142857143 1.250000000000000 1.333333333333333 1.200000000000000 1.250000000000000 2.250000000000000 1.750000000000000 0.416666666666667 1.250000000000000 0.750000000000000 1.000000000000000 1.250000000000000 2.250000000000000 1.250000000000000 1.100000000000000 2.000000000000000 1.250000000000000 1.750000000000000 1.166666666666667 2.000000000000000 2.250000000000000 1.666666666666667 2.333333333333333 2.000000000000000 2.000000000000000 2.750000000000000 2.111111111111111 1.250000000000000 1.250000000000000 1.250000000000000 2.333333333333333 1.000000000000000 3.000000000000000 4.000000000000000
2.000000000000000 1.000000000000000 1.090909090909091 2.000000000000000 2.000000000000000 1.333333333333333 2.333333333333333 2.250000000000000 1.125000000000000 1.333333333333333 1.500000000000000 1.250000000000000 0.500000000000000 1.000000000000000 1.000000000000000 0.000000000000000 1.125000000000000 1.333333333333333 1.281250000000000 2.000000000000000 1.200000000000000 1.500000000000000 1.200000000000000 2.250000000000000 2.250000000000000 1.500000000000000 2.250000000000000 2.000000000000000 2.750000000000000 1.290909090909091 2.000000000000000 1.000000000000000 1.250000000000000 2.250000000000000 2.000000000000000 2.250000000000000 2.100000000000000 3.000000000000000 2.200000000000000 2.700000000000000 2.166666666666667 2.250000000000000 2.000000000000000 2.750000000000000 3.000000000000000 2.200000000000000 3.000000000000000 3.090909090909091 2.090909090909091 1.700000000000000 1.700000000000000 1.500000000000000 2.333333333333333 2.000000000000000 2.000000000000000 3.000000000000000
1.125000000000000 0.125000000000000 1.500000000000000 0.833333333333333 1.125000000000000 0.750000000000000 1.458333333333333 1.666666666666667 0.666666666666667 0.500000000000000 0.625000000000000 1.000000000000000 1.666666666666667 0.833333333333333 1.833333333333333 1.125000000000000 0.000000000000000 0.458333333333333 1.500000000000000 1.100000000000000 0.791666666666667 0.625000000000000 0.325000000000000 1.083333333333333 1.166666666666667 1.033333333333333 1.166666666666667 1.125000000000000 2.125000000000000 1.166666666666667 1.833333333333333 1.500000000000000 1.200000000000000 1.083333333333333 1.500000000000000 1.833333333333333 1.000000000000000 2.100000000000000 1.325000000000000 2.200000000000000 1.700000000000000 2.000000000000000 1.125000000000000 1.583333333333333 2.125000000000000 2.000000000000000 2.100000000000000 3.500000000000000 1.215909090909091 1.291666666666667 1.291666666666667 1.000000000000000 1.500000000000000 1.125000000000000 1.125000000000000 2.125000000000000
1.000000000000000 0.333333333333333 0.500000000000000 1.000000000000000 1.333333333333333 0.666666666666667 2.142857142857143 1.000000000000000 1.000000000000000 1.500000000000000 0.833333333333333 0.500000000000000 1.000000000000000 0.666666666666667 2.000000000000000 1.333333333333333 0.458333333333333 0.000000000000000 0.500000000000000 0.833333333333333 1.031250000000000 0.833333333333333 0.533333333333333 0.611111111111111 1.333333333333333 1.200000000000000 1.333333333333333 2.333333333333333 2.333333333333333 0.700000000000000 0.500000000000000 1.500000000000000 1.000000000000000 0.750000000000000 1.333333333333333 1.000000000000000 1.000000000000000 1.833333333333333 1.533333333333333 2.033333333333333 1.533333333333333 1.500000000000000 1.333333333333333 1.250000000000000 2.333333333333333 2.000000000000000 1.833333333333333 2.500000000000000 1.500000000000000 1.500000000000000 1.500000000000000 1.458333333333333 2.166666666666667 1.333333333333333 1.333333333333333 2.333333333333333
1.500000000000000 0.833333333333333 1.000000000000000 1.500000000000000 0.131250000000000 0.500000000000000 1.500000000000000 0.500000000000000 1.500000000000000 0.531250000000000 0.068287037037037 0.031250000000000 0.231250000000000 1.031250000000000 0.281250000000000 1.281250000000000 1.500000000000000 0.500000000000000 0.000000000000000 0.750000000000000 0.531250000000000 0.864583333333333 0.202020202020202 0.111111111111111 1.031250000000000 1.000000000000000 0.500000000000000 1.500000000000000 2.500000000000000 0.197916666666667 1.031250000000000 0.531250000000000 1.000000000000000 0.250000000000000 1.111111111111111 0.500000000000000 0.500000000000000 1.750000000000000 1.031250000000000 1.531250000000000 0.583333333333333 1.000000000000000 1.111111111111111 0.750000000000000 2.111111111111111 1.111111111111111 1.750000000000000 2.531250000000000 2.500000000000000 1.031250000000000 1.031250000000000 1.031250000000000 2.000000000000000 1.281250000000000 1.833333333333333 2.833333333333333
2.090909090909091 0.530303030303030 1.000000000000000 1.000000000000000 1.000000000000000 0.141414141414141 2.090909090909091 1.030303030303030 2.250000000000000 2.000000000000000 0.030303030303030 1.000000000000000 1.500000000000000 1.333333333333333 1.000000000000000 2.000000000000000 1.100000000000000 0.833333333333333 0.750000000000000 0.000000000000000 1.500000000000000 1.833333333333333 0.476190476190476 1.250000000000000 2.000000000000000 1.200000000000000 0.250000000000000 1.250000000000000 2.000000000000000 1.200000000000000 0.333333333333333 1.500000000000000 1.500000000000000 1.000000000000000 0.363636363636364 1.000000000000000 0.100000000000000 1.000000000000000 2.000000000000000 0.309523809523810 0.166666666666667 1.000000000000000 1.333333333333333 0.666666666666667 2.333333333333333 2.000000000000000 1.000000000000000 1.309523809523810 2.000000000000000 2.000000000000000 2.000000000000000 2.000000000000000 2.333333333333333 2.000000000000000 2.090909090909091 3.090909090909091
1.833333333333333 0.666666666666667 0.787037037037037 1.833333333333333 0.600000000000000 0.648148148148148 1.648148148148148 1.537037037037037 1.700000000000000 1.000000000000000 0.537037037037037 0.500000000000000 0.700000000000000 1.500000000000000 0.750000000000000 1.200000000000000 0.791666666666667 1.031250000000000 0.531250000000000 1.500000000000000 0.000000000000000 0.333333333333333 1.100000000000000 1.500000000000000 1.500000000000000 0.870370370370370 1.500000000000000 0.833333333333333 1.000000000000000 0.666666666666667 1.500000000000000 1.000000000000000 1.531250000000000 0.781250000000000 0.870370370370370 1.500000000000000 0.737037037037037 2.500000000000000 1.500000000000000 2.000000000000000 2.500000000000000 1.500000000000000 1.666666666666667 1.281250000000000 2.500000000000000 2.500000000000000 2.000000000000000 3.000000000000000 1.787037037037037 1.500000000000000 1.500000000000000 1.500000000000000 2.000000000000000 1.750000000000000 1.833333333333333 2.833333333333333
1.500000000000000 0.500000000000000 0.590909090909091 0.702020202020202 1.500000000000000 0.833333333333333 1.833333333333333 1.625000000000000 0.625000000000000 1.333333333333333 1.000000000000000 0.833333333333333 1.033333333333333 0.833333333333333 1.083333333333333 1.500000000000000 0.625000000000000 0.833333333333333 0.864583333333333 1.833333333333333 0.333333333333333 0.000000000000000 0.700000000000000 1.833333333333333 1.833333333333333 1.833333333333333 1.500000000000000 0.500000000000000 1.500000000000000 1.000000000000000 1.833333333333333 1.000000000000000 1.250000000000000 1.590909090909091 1.500000000000000 1.833333333333333 1.833333333333333 2.000000000000000 1.700000000000000 2.333333333333333 1.700000000000000 1.833333333333333 1.500000000000000 2.090909090909091 2.500000000000000 1.700000000000000 2.500000000000000 3.333333333333333 1.590909090909091 1.833333333333333 1.833333333333333 1.500000000000000 2.250000000000000 1.500000000000000 1.500000000000000 2.500000000000000
1.200000000000000 0.200000000000000 0.290909090909091 0.142857142857143 0.500000000000000 0.533333333333333 1.590909090909091 1.142857142857143 1.000000000000000 0.200000000000000 0.700000000000000 0.366666666666667 1.000000000000000 0.500000000000000 1.142857142857143 1.200000000000000 0.325000000000000 0.533333333333333 0.202020202020202 0.476190476190476 1.100000000000000 0.700000000000000 0.000000000000000 0.090909090909091 0.500000000000000 1.000000000000000 0.476190476190476 1.476190476190476 2.500000000000000 0.490909090909091 0.142857142857143 0.750000000000000 0.500000000000000 0.500000000000000 1.090909090909091 1.500000000000000 0.833333333333333 2.166666666666667 1.000000000000000 1.500000000000000 1.000000000000000 2.000000000000000 1.090909090909091 1.500000000000000 1.500000000000000 1.000000000000000 2.166666666666667 2.500000000000000 1.290909090909091 1.142857142857143 1.600000000000000 1.700000000000000 1.200000000000000 1.200000000000000 1.200000000000000 2.200000000000000
1.250000000000000 0.290909090909091 0.361111111111111 0.250000000000000 0.590909090909091 0.250000000000000 1.250000000000000 0.611111111111111 1.090909090909091 0.290909090909091 0.500000000000000 1.000000000000000 1.200000000000000 0.590909090909091 1.250000000000000 2.250000000000000 1.083333333333333 0.611111111111111 0.111111111111111 1.250000000000000 1.500000000000000 1.833333333333333 0.090909090909091 0.000000000000000 1.000000000000000 0.450000000000000 0.583333333333333 1.583333333333333 2.500000000000000 1.166666666666667 0.233766233766234 1.500000000000000 0.590909090909091 0.333333333333333 1.000000000000000 0.500000000000000 0.611111111111111 1.500000000000000 1.090909090909091 1.590909090909091 0.666666666666667 1.000000000000000 1.000000000000000 0.833333333333333 2.000000000000000 1.000000000000000 1.530303030303030 2.590909090909091 1.361111111111111 2.000000000000000 2.000000000000000 2.000000000000000 1.583333333333333 2.250000000000000 1.290909090909091 2.290909090909091
3.000000000000000 2.000000000000000 1.166666666666667 0.333333333333333 1.000000000000000 1.090909090909091 2.090909090909091 0.583333333333333 1.500000000000000 0.666666666666667 1.000000000000000 1.000000000000000 1.200000000000000 2.000000000000000 1.333333333333333 2.250000000000000 1.166666666666667 1.333333333333333 1.031250000000000 2.000000000000000 1.500000000000000 1.833333333333333 0.500000000000000 1.000000000000000 0.000000000000000 0.533333333333333 0.666666666666667 1.666666666666667 2.500000000000000 1.166666666666667 0.642857142857143 1.500000000000000 1.000000000000000 0.500000000000000 2.000000000000000 2.000000000000000 1.200000000000000 2.000000000000000 1.500000000000000 2.000000000000000 0.833333333333333 2.000000000000000 2.000000000000000 1.000000000000000 1.000000000000000 1.500000000000000 2.030303030303030 3.000000000000000 1.444444444444444 2.000000000000000 2.000000000000000 2.000000000000000 1.666666666666667 2.250000000000000 3.000000000000000 4.000000000000000
1.500000000000000 0.833333333333333 0.311111111111111 0.200000000000000 0.333333333333333 0.500000000000000 1.500000000000000 0.450000000000000 2.000000000000000 0.533333333333333 0.333333333333333 0.370370370370370 1.000000000000000 0.500000000000000 1.200000000000000 1.500000000000000 1.033333333333333 1.200000000000000 1.000000000000000 1.200000000000000 0.870370370370370 1.833333333333333 1.000000000000000 0.450000000000000 0.533333333333333 0.000000000000000 0.533333333333333 1.533333333333333 2.533333333333333 1.333333333333333 1.142857142857143 1.500000000000000 1.500000000000000 1.500000000000000 0.666666666666667 1.333333333333333 0.533333333333333 1.333333333333333 2.000000000000000 2.500000000000000 2.000000000000000 1.333333333333333 2.090909090909091 2.500000000000000 2.333333333333333 2.000000000000000 1.363636363636364 3.500000000000000 1.311111111111111 1.370370370370370 1.370370370370370 2.000000000000000 1.533333333333333 1.666666666666667 2.333333333333333 3.333333333333333
2.166666666666667 1.166666666666667 1.250000000000000 0.333333333333333 0.166666666666667 0.476190476190476 2.000000000000000 1.000000000000000 2.000000000000000 0.666666666666667 1.000000000000000 1.000000000000000 1.200000000000000 2.000000000000000 1.250000000000000 2.250000000000000 1.166666666666667 1.333333333333333 0.500000000000000 0.250000000000000 1.500000000000000 1.500000000000000 0.476190476190476 0.583333333333333 0.666666666666667 0.533333333333333 0.000000000000000 1.000000000000000 2.000000000000000 1.166666666666667 2.000000000000000 1.500000000000000 1.500000000000000 1.000000000000000 1.333333333333333 1.000000000000000 0.350000000000000 1.250000000000000 2.000000000000000 2.000000000000000 2.000000000000000 1.000000000000000 1.333333333333333 1.500000000000000 2.333333333333333 1.333333333333333 1.250000000000000 3.000000000000000 1.444444444444444 2.000000000000000 2.000000000000000 2.000000000000000 1.666666666666667 2.250000000000000 2.166666666666667 3.166666666666667
2.000000000000000 1.000000000000000 2.250000000000000 1.333333333333333 1.166666666666667 1.476190476190476 3.000000000000000 2.000000000000000 3.000000000000000 1.666666666666667 2.000000000000000 2.000000000000000 2.200000000000000 3.000000000000000 2.250000000000000 2.000000000000000 1.125000000000000 2.333333333333333 1.500000000000000 1.250000000000000 0.833333333333333 0.500000000000000 1.476190476190476 1.583333333333333 1.666666666666667 1.533333333333333 1.000000000000000 0.000000000000000 1.000000000000000 3.000000000000000 1.583333333333333 1.500000000000000 2.500000000000000 2.000000000000000 2.333333333333333 2.000000000000000 1.350000000000000 2.250000000000000 3.000000000000000 2.000000000000000 1.416666666666667 2.000000000000000 2.333333333333333 2.500000000000000 2.666666666666667 2.333333333333333 2.000000000000000 3.000000000000000 3.250000000000000 3.000000000000000 3.000000000000000 3.000000000000000 2.666666666666667 2.000000000000000 2.000000000000000 3.000000000000000
3.000000000000000 2.000000000000000 3.000000000000000 2.333333333333333 2.166666666666667 2.476190476190476 4.000000000000000 3.000000000000000 4.000000000000000 2.000000000000000 3.000000000000000 1.500000000000000 1.700000000000000 2.500000000000000 1.750000000000000 2.750000000000000 2.125000000000000 2.333333333333333 2.500000000000000 2.000000000000000 1.000000000000000 1.500000000000000 2.500000000000000 2.500000000000000 2.500000000000000 2.533333333333333 2.000000000000000 1.000000000000000 0.000000000000000 1.666666666666667 2.500000000000000 2.500000000000000 2.250000000000000 3.000000000000000 3.500000000000000 3.000000000000000 2.100000000000000 3.000000000000000 1.500000000000000 1.000000000000000 1.142857142857143 2.000000000000000 1.642857142857143 1.642857142857143 3.500000000000000 3.500000000000000 1.000000000000000 2.000000000000000 3.000000000000000 2.500000000000000 2.500000000000000 2.500000000000000 3.000000000000000 3.000000000000000 3.000000000000000 4.000000000000000
1.500000000000000 0.290909090909091 0.200000000000000 0.311111111111111 0.366666666666667 0.500000000000000 1.500000000000000 2.000000000000000 0.415909090909091 1.200000000000000 1.000000000000000 0.166666666666667 0.700000000000000 1.200000000000000 0.416666666666667 1.290909090909091 1.166666666666667 0.700000000000000 0.197916666666667 1.200000000000000 0.666666666666667 1.000000000000000 0.490909090909091 1.166666666666667 1.166666666666667 1.333333333333333 1.166666666666667 3.000000000000000 1.666666666666667 0.000000000000000 1.166666666666667 0.666666666666667 0.700000000000000 1.200000000000000 1.333333333333333 1.166666666666667 1.200000000000000 2.000000000000000 1.166666666666667 2.166666666666667 1.366666666666667 1.166666666666667 1.290909090909091 1.700000000000000 2.166666666666667 1.311111111111111 2.030303030303030 2.200000000000000 1.200000000000000 1.166666666666667 1.166666666666667 1.166666666666667 1.666666666666667 1.416666666666667 1.290909090909091 2.290909090909091
2.000000000000000 0.342857142857143 1.333333333333333 0.285714285714286 0.642857142857143 1.000000000000000 2.000000000000000 1.000000000000000 1.142857142857143 0.342857142857143 1.037037037037037 1.000000000000000 1.200000000000000 1.000000000000000 1.250000000000000 2.000000000000000 1.833333333333333 0.500000000000000 1.031250000000000 0.333333333333333 1.500000000000000 1.833333333333333 0.142857142857143 0.233766233766234 0.642857142857143 1.142857142857143 2.000000000000000 1.583333333333333 2.500000000000000 1.166666666666667 0.000000000000000 1.500000000000000 0.642857142857143 1.000000000000000 1.233766233766234 2.000000000000000 0.433333333333333 1.333333333333333 1.142857142857143 1.642857142857143 1.333333333333333 1.333333333333333 1.333333333333333 1.500000000000000 2.333333333333333 1.142857142857143 1.333333333333333 2.642857142857143 2.333333333333333 1.000000000000000 2.000000000000000 2.000000000000000 2.333333333333333 2.166666666666667 1.833333333333333 2.833333333333333
2.000000000000000 0.666666666666667 1.000000000000000 1.142857142857143 0.600000000000000 1.000000000000000 2.000000000000000 1.537037037037037 1.166666666666667 1.000000000000000 0.537037037037037 0.500000000000000 0.700000000000000 1.500000000000000 0.750000000000000 1.000000000000000 1.500000000000000 1.500000000000000 0.531250000000000 1.500000000000000 1.000000000000000 1.000000000000000 0.750000000000000 1.500000000000000 1.500000000000000 1.500000000000000 1.500000000000000 1.500000000000000 2.500000000000000 0.666666666666667 1.500000000000000 0.000000000000000 0.250000000000000 2.000000000000000 2.250000000000000 1.500000000000000 2.100000000000000 3.000000000000000 1.500000000000000 2.000000000000000 2.500000000000000 1.500000000000000 2.250000000000000 2.500000000000000 2.500000000000000 1.750000000000000 3.000000000000000 3.000000000000000 2.000000000000000 1.500000000000000 1.500000000000000 0.500000000000000 1.250000000000000 3.000000000000000 2.090909090909091 3.090909090909091
1.590909090909091 0.590909090909091 0.500000000000000 0.611111111111111 0.666666666666667 1.250000000000000 2.500000000000000 1.500000000000000 1.500000000000000 1.500000000000000 0.750000000000000 0.750000000000000 1.000000000000000 1.500000000000000 1.000000000000000 1.250000000000000 1.200000000000000 1.000000000000000 1.000000000000000 1.500000000000000 1.531250000000000 1.250000000000000 0.500000000000000 0.590909090909091 1.000000000000000 1.500000000000000 1.500000000000000 2.500000000000000 2.250000000000000 0.700000000000000 0.642857142857143 0.250000000000000 0.000000000000000 1.000000000000000 1.590909090909091 1.500000000000000 1.500000000000000 2.500000000000000 1.500000000000000 2.000000000000000 1.500000000000000 1.750000000000000 1.590909090909091 2.000000000000000 2.000000000000000 1.500000000000000 2.500000000000000 2.500000000000000 1.500000000000000 2.031250000000000 1.500000000000000 0.750000000000000 1.000000000000000 1.590909090909091 1.590909090909091 2.590909090909091
2.090909090909091 0.700000000000000 1.000000000000000 0.250000000000000 0.333333333333333 0.750000000000000 2.000000000000000 1.000000000000000 1.500000000000000 0.700000000000000 0.833333333333333 0.281250000000000 1.500000000000000 1.000000000000000 1.250000000000000 2.250000000000000 1.083333333333333 0.750000000000000 0.250000000000000 1.000000000000000 0.781250000000000 1.590909090909091 0.500000000000000 0.333333333333333 0.500000000000000 1.500000000000000 1.000000000000000 2.000000000000000 3.000000000000000 1.200000000000000 1.000000000000000 2.000000000000000 1.000000000000000 0.000000000000000 1.333333333333333 1.000000000000000 1.100000000000000 2.000000000000000 1.500000000000000 0.476190476190476 0.333333333333333 1.333333333333333 0.333333333333333 0.500000000000000 1.333333333333333 1.500000000000000 2.000000000000000 1.476190476190476 2.000000000000000 2.000000000000000 2.000000000000000 2.500000000000000 1.583333333333333 2.250000000000000 2.090909090909091 3.090909090909091
2.000000000000000 1.000000000000000 0.583333333333333 1.250000000000000 2.000000000000000 1.250000000000000 1.444444444444444 1.333333333333333 1.166666666666667 1.000000000000000 0.333333333333333 2.000000000000000 2.200000000000000 1.333333333333333 2.250000000000000 2.000000000000000 1.500000000000000 1.333333333333333 1.111111111111111 0.363636363636364 0.870370370370370 1.500000000000000 1.090909090909091 1.000000000000000 2.000000000000000 0.666666666666667 1.333333333333333 2.333333333333333 3.500000000000000 1.333333333333333 1.233766233766234 2.250000000000000 1.590909090909091 1.333333333333333 0.000000000000000 1.500000000000000 0.533333333333333 1.333333333333333 2.200000000000000 2.333333333333333 2.090909090909091 1.333333333333333 2.000000000000000 1.833333333333333 3.000000000000000 2.000000000000000 1.363636363636364 2.583333333333333 2.090909090909091 1.370370370370370 1.370370370370370 2.500000000000000 2.000000000000000 2.000000000000000 2.000000000000000 3.000000000000000
3.000000000000000 1.166666666666667 2.000000000000000 1.000000000000000 1.000000000000000 0.750000000000000 2.090909090909091 2.000000000000000 2.250000000000000 1.500000000000000 1.037037037037037 1.000000000000000 1.200000000000000 2.000000000000000 1.250000000000000 2.250000000000000 1.833333333333333 1.000000000000000 0.500000000000000 1.000000000000000 1.500000000000000 1.833333333333333 1.500000000000000 0.500000000000000 2.000000000000000 1.333333333333333 1.000000000000000 2.000000000000000 3.000000000000000 1.166666666666667 2.000000000000000 1.500000000000000 1.500000000000000 1.000000000000000 1.500000000000000 0.000000000000000 1.100000000000000 2.000000000000000 2.000000000000000 1.500000000000000 1.500000000000000 0.500000000000000 1.500000000000000 1.500000000000000 2.500000000000000 1.500000000000000 2.000000000000000 2.500000000000000 2.111111111111111 2.000000000000000 2.000000000000000 2.000000000000000 2.333333333333333 2.250000000000000 3.000000000000000 4.000000000000000
2.333333333333333 1.125000000000000 1.100000000000000 1.100000000000000 0.333333333333333 1.000000000000000 1.424242424242424 1.000000000000000 2.000000000000000 1.500000000000000 0.200000000000000 1.100000000000000 0.437037037037037 1.433333333333333 1.100000000000000 2.100000000000000 1.000000000000000 1.000000000000000 0.500000000000000 0.100000000000000 0.737037037037037 1.833333333333333 0.833333333333333 0.611111111111111 1.200000000000000 0.533333333333333 0.350000000000000 1.350000000000000 2.100000000000000 1.200000000000000 0.433333333333333 2.100000000000000 1.500000000000000 1.100000000000000 0.533333333333333 1.100000000000000 0.000000000000000 1.100000000000000 1.833333333333333 0.409523809523810 0.266666666666667 1.100000000000000 1.611111111111111 0.766666666666667 2.333333333333333 1.000000000000000 1.100000000000000 1.409523809523809 1.450000000000000 1.237037037037037 1.237037037037037 2.000000000000000 2.500000000000000 2.100000000000000 2.333333333333333 3.333333333333333
2.111111111111111 1.500000000000000 2.000000000000000 2.000000000000000 2.000000000000000 1.111111111111111 2.111111111111111 2.000000000000000 3.000000000000000 3.000000000000000 1.000000000000000 2.000000000000000 2.500000000000000 2.333333333333333 2.000000000000000 3.000000000000000 2.100000000000000 1.833333333333333 1.750000000000000 1.000000000000000 2.500000000000000 2.000000000000000 2.166666666666667 1.500000000000000 2.000000000000000 1.333333333333333 1.250000000000000 2.250000000000000 3.000000000000000 2.000000000000000 1.333333333333333 3.000000000000000 2.500000000000000 2.000000000000000 1.333333333333333 2.000000000000000 1.100000000000000 0.000000000000000 3.000000000000000 1.309523809523810 1.166666666666667 2.000000000000000 1.666666666666667 1.666666666666667 3.000000000000000 2.100000000000000 2.000000000000000 2.309523809523809 3.000000000000000 2.333333333333333 3.000000000000000 3.000000000000000 3.333333333333333 3.000000000000000 2.500000000000000 3.500000000000000
2.200000000000000 1.200000000000000 1.290909090909091 1.142857142857143 1.500000000000000 1.533333333333333 2.533333333333333 2.142857142857143 2.000000000000000 1.200000000000000 1.037037037037037 1.000000000000000 1.200000000000000 1.500000000000000 1.250000000000000 2.200000000000000 1.325000000000000 1.533333333333333 1.031250000000000 2.000000000000000 1.500000000000000 1.700000000000000 1.000000000000000 1.090909090909091 1.500000000000000 2.000000000000000 2.000000000000000 3.000000000000000 1.500000000000000 1.166666666666667 1.142857142857143 1.500000000000000 1.500000000000000 1.500000000000000 2.200000000000000 2.000000000000000 1.833333333333333 3.000000000000000 0.000000000000000 0.500000000000000 0.642857142857143 2.000000000000000 2.200000000000000 1.142857142857143 3.000000000000000 2.000000000000000 3.000000000000000 1.500000000000000 2.500000000000000 2.000000000000000 2.000000000000000 2.000000000000000 2.200000000000000 2.250000000000000 2.200000000000000 3.200000000000000
